1 0.250329
1000 0.252761
1001 0.251984
1002 0.253436
1003 0.25319
1004 0.253588
1005 0.253011
1006 0.252029
1007 0.252606
1008 0.252666
1009 0.25009
1010 0.250071
1011 0.250105
1012 0.25008
1013 0.25102
1014 0.252704
1015 0.254754
1016 0.253099
1017 0.253247
1018 0.252084
1019 0.252033
1020 0.251428
1021 0.25095
1022 0.252592
1023 0.251056
1024 0.253193
1025 0.252784
1026 0.251619
1027 0.251465
1028 0.25408
1029 0.251823
1030 0.250075
1031 0.25398
1032 0.256239
1033 0.252625
1034 0.252342
1035 0.251903
1036 0.252271
1037 0.253528
1038 0.253405
1039 0.253582
1040 0.250446
1041 0.253574
1042 0.252936
1043 0.250079
1044 0.250703
1045 0.252363
1046 0.251606
1047 0.251677
1048 0.251584
1049 0.251718
1050 0.251975
1051 0.252129
1052 0.251188
1053 0.250129
1054 0.253902
1055 0.252593
1056 0.253527
1057 0.252669
1058 0.251729
1059 0.253837
1060 0.253132
1061 0.252499
1062 0.252485
1063 0.254983
1064 0.250976
1065 0.253401
1066 0.259393
1067 0.251706
1068 0.252782
1069 0.251827
1070 0.256709
1071 0.252873
1072 0.251937
1073 0.252626
1074 0.253053
1075 0.263543
1076 0.25179
1077 0.253318
1078 0.253628
1079 0.252998
1080 0.253482
1081 0.252559
1082 0.250074
1083 0.261677
1084 0.252287
1085 0.252465
1086 0.252953
1087 0.251553
1088 0.257568
1089 0.250102
1090 0.251911
1091 0.253084
1092 0.254569
1093 0.25273
1094 0.252555
1095 0.250079
1096 0.25297
1097 0.250082
1098 0.251995
1099 0.25461
1100 0.250086
1101 0.251749
