1000 85
1001 70
1002 58
1003 41
1004 36
1005 39
1006 55
1007 36
1008 33
1009 66
1010 88
1011 32
1012 32
1013 34
1014 35
1015 32
1016 46
1017 37
1018 36
1019 33
1020 31
1021 36
1022 34
1023 32
1024 34
1025 33
1026 33
1027 35
1028 31
1029 38
1030 38
1031 34
1032 36
1033 31
1034 41
1035 33
1036 31
1037 32
1038 32
1039 35
1040 32
1041 33
1042 31
1043 38
1044 32
1045 35
1046 39
1047 35
1048 33
1049 33
1050 33
1051 44
1052 32
1053 33
1054 33
1055 34
1056 32
1057 39
1058 36
1059 33
1060 35
1061 32
1062 34
1063 35
1064 34
1065 34
1066 35
1067 36
1068 34
1069 35
1070 36
1071 37
1072 34
1073 35
1074 39
1075 33
1076 34
1077 34
1078 34
1079 34
1080 36
1081 38
1082 36
1083 35
1084 34
1085 37
1086 36
1087 37
1088 33
1089 36
1090 35
1091 34
1092 39
1093 34
1094 35
1095 33
1096 34
1097 57
1098 34
1099 36
1100 33
1101 34
1102 35
1103 35
1104 37
1105 40
1106 41
1107 37
1108 38
1109 40
1110 37
1111 37
1112 37
1113 37
1114 39
1115 40
1116 38
1117 36
1118 35
1119 36
1120 35
1121 38
1122 37
1123 37
1124 34
1125 36
1126 37
1127 36
1128 38
1129 39
1130 35
1131 39
1132 35
1133 35
1134 38
1135 38
1136 37
1137 37
1138 40
1139 34
1140 36
1141 36
1142 37
1143 37
1144 35
1145 37
1146 39
1147 33
1148 38
1149 36
1150 40
1151 35
1152 37
1153 37
1154 37
1155 38
1156 36
1157 35
1158 38
1159 36
1160 38
1161 39
1162 40
1163 37
1164 36
1165 36
1166 37
1167 37
1168 38
1169 35
1170 43
1171 40
1172 38
1173 38
1174 44
1175 41
1176 41
1177 39
1178 36
1179 71
1180 52
1181 39
1182 41
1183 39
1184 36
1185 42
1186 38
1187 37
1188 36
1189 37
1190 37
1191 38
1192 37
1193 38
1194 40
1195 41
1196 40
1197 39
1198 37
1199 42
1200 38
1201 39
1202 37
1203 39
1204 39
1205 38
1206 41
1207 41
1208 39
1209 40
1210 36
1211 38
1212 36
1213 39
1214 41
1215 42
1216 39
1217 38
1218 38
1219 39
1220 38
1221 40
1222 41
1223 38
1224 40
1225 39
1226 41
1227 40
1228 43
1229 41
1230 41
1231 43
1232 38
1233 38
1234 43
1235 41
1236 40
1237 44
1238 41
1239 40
1240 39
1241 41
1242 39
1243 40
1244 37
1245 41
1246 40
1247 41
1248 46
1249 44
1250 42
1251 42
1252 41
1253 41
1254 39
1255 42
1256 41
1257 38
1258 39
1259 39
1260 42
1261 40
1262 40
1263 41
1264 41
1265 44
1266 48
1267 46
1268 42
1269 43
1270 40
1271 45
1272 41
1273 41
1274 44
1275 40
1276 41
1277 40
1278 40
1279 39
1280 43
1281 41
1282 43
1283 41
1284 44
1285 42
1286 40
1287 40
1288 41
1289 42
1290 40
1291 43
1292 42
1293 44
1294 39
1295 42
1296 41
1297 43
1298 44
1299 43
1300 43
1301 43
1302 43
1303 44
1304 40
1305 43
1306 43
1307 43
1308 44
1309 42
1310 43
1311 42
1312 44
1313 43
1314 42
1315 39
1316 40
1317 44
1318 42
1319 42
1320 41
1321 42
1322 43
1323 42
1324 43
1325 48
1326 42
1327 41
1328 43
1329 45
1330 42
1331 41
1332 43
1333 46
1334 42
1335 43
1336 44
1337 42
1338 44
1339 43
1340 44
1341 44
1342 45
1343 42
1344 46
1345 41
1346 44
1347 43
1348 42
1349 44
1350 42
1351 47
1352 45
1353 44
1354 44
1355 42
1356 48
1357 44
1358 44
1359 47
1360 44
1361 45
1362 45
1363 51
1364 42
1365 45
1366 44
1367 43
1368 43
1369 44
1370 41
1371 46
1372 45
1373 42
1374 44
1375 44
1376 45
1377 43
1378 46
1379 45
1380 44
1381 47
1382 44
1383 45
1384 46
1385 43
1386 44
1387 47
1388 42
1389 43
1390 45
1391 45
1392 48
1393 47
1394 44
1395 51
1396 44
1397 44
1398 51
1399 44
1400 46
1401 45
1402 47
1403 44
1404 44
1405 45
1406 45
1407 47
1408 44
1409 46
1410 46
1411 47
1412 46
1413 46
1414 44
1415 46
1416 48
1417 47
1418 46
1419 43
1420 48
1421 48
1422 44
1423 48
1424 45
1425 45
1426 48
1427 48
1428 46
1429 49
1430 45
1431 49
1432 51
1433 46
1434 46
1435 46
1436 47
1437 46
1438 44
1439 44
1440 45
1441 46
1442 45
1443 46
1444 45
1445 47
1446 45
1447 48
1448 49
1449 51
1450 48
1451 47
1452 47
1453 48
1454 45
1455 46
1456 47
1457 47
1458 50
1459 48
1460 48
1461 49
1462 49
1463 48
1464 46
1465 48
1466 47
1467 49
1468 48
1469 45
1470 51
1471 48
1472 49
1473 46
1474 46
1475 49
1476 48
1477 46
1478 49
1479 48
1480 49
1481 46
1482 50
1483 47
1484 50
1485 48
1486 49
1487 52
1488 45
1489 51
1490 48
1491 48
1492 47
1493 51
1494 47
1495 47
1496 51
1497 45
1498 49
1499 47
1500 47
1501 52
1502 48
1503 50
1504 49
1505 49
1506 49
1507 48
1508 51
1509 46
1510 50
1511 47
1512 50
1513 48
1514 51
1515 48
1516 50
1517 49
1518 47
1519 59
1520 51
1521 50
1522 46
1523 50
1524 52
1525 50
1526 49
1527 52
1528 48
1529 52
1530 49
1531 50
1532 49
1533 49
1534 50
1535 51
1536 50
1537 53
1538 49
1539 49
1540 52
1541 51
1542 51
1543 52
1544 51
1545 50
1546 50
1547 49
1548 49
1549 47
1550 52
1551 51
1552 53
1553 51
1554 51
1555 50
1556 51
1557 51
1558 49
1559 50
1560 53
1561 49
1562 50
1563 51
1564 49
1565 52
1566 50
1567 53
1568 48
1569 49
1570 52
1571 48
1572 50
1573 52
1574 54
1575 49
1576 49
1577 52
1578 52
1579 55
1580 50
1581 50
1582 51
1583 53
1584 50
1585 53
1586 53
1587 51
1588 48
1589 52
1590 52
1591 54
1592 50
1593 52
1594 50
1595 52
1596 53
1597 55
1598 50
1599 50
1600 50
1601 52
1602 52
1603 51
1604 49
1605 53
1606 51
1607 53
1608 52
1609 52
1610 53
1611 53
1612 53
1613 52
1614 55
1615 49
1616 51
1617 49
1618 58
1619 51
1620 53
1621 50
1622 53
1623 53
1624 53
1625 53
1626 52
1627 51
1628 54
1629 58
1630 51
1631 53
1632 55
1633 52
1634 53
1635 50
1636 52
1637 53
1638 56
1639 53
1640 55
1641 55
1642 52
1643 57
1644 52
1645 83
1646 54
1647 52
1648 52
1649 50
1650 48
1651 48
1652 50
1653 50
1654 47
1655 49
1656 53
1657 51
1658 53
1659 51
1660 53
1661 50
1662 53
1663 51
1664 53
1665 53
1666 53
1667 52
1668 50
1669 52
1670 53
1671 51
1672 69
1673 56
1674 58
1675 56
1676 50
1677 50
1678 49
1679 49
1680 50
1681 49
1682 53
1683 58
1684 51
1685 53
1686 53
1687 50
1688 50
1689 54
1690 54
1691 54
1692 54
1693 50
1694 50
1695 51
1696 53
1697 53
1698 51
1699 51
1700 51
1701 51
1702 50
1703 53
1704 49
1705 52
1706 53
1707 51
1708 53
1709 54
1710 52
1711 52
1712 51
1713 53
1714 50
1715 51
1716 52
1717 54
1718 52
1719 57
1720 53
1721 61
1722 57
1723 58
1724 54
1725 58
1726 59
1727 57
1728 57
1729 57
1730 59
1731 58
1732 59
1733 61
1734 57
1735 57
1736 58
1737 56
1738 58
