1 9.0
2 1.0
3 0.0
4 1.0
5 1.0
6 1.0
7 1.0
8 1.0
9 1.0
10 1.0
11 2.0
12 2.0
13 4.0
14 1.0
15 2.0
16 3.0
17 2.0
18 3.0
19 3.0
20 3.0
21 3.0
22 3.0
23 3.0
24 3.0
25 3.0
26 4.0
27 4.0
28 3.0
29 3.0
30 7.0
31 3.0
32 3.0
33 5.0
34 3.0
35 2.0
36 4.0
37 4.0
38 3.0
39 4.0
40 4.0
41 9.0
42 4.0
43 3.0
44 4.0
45 3.0
46 4.0
47 10.0
48 4.0
49 9.0
50 4.0
51 4.0
52 6.0
53 5.0
54 4.0
55 4.0
56 4.0
57 4.0
58 5.0
59 5.0
60 5.0
61 5.0
62 9.0
63 4.0
64 3.0
65 4.0
66 1000.0
67 8.0
68 5.0
69 5.0
70 5.0
71 5.0
72 5.0
73 6.0
74 14.0
75 5.0
76 5.0
77 5.0
78 5.0
79 5.0
80 6.0
81 17.0
82 9.0
83 6.0
84 11.0
85 5.0
86 5.0
87 16.0
88 6.0
89 7.0
90 14.0
91 7.0
92 1002.0
93 5.0
94 9.0
95 8.0
96 7.0
97 6.0
98 7.0
99 9.0
100 7.0
101 6.0
102 6.0
103 6.0
104 7.0
105 18.0
106 7.0
107 7.0
108 5.0
109 5.0
110 6.0
111 17.0
112 7.0
113 7.0
114 6.0
115 5.0
116 7.0
117 9.0
118 5.0
119 18.0
120 6.0
121 8.0
122 14.0
123 7.0
124 6.0
125 7.0
126 10.0
127 6.0
128 6.0
129 1003.0
130 6.0
131 16.0
132 8.0
133 8.0
134 15.0
135 6.0
136 7.0
137 7.0
138 8.0
139 21.0
140 9.0
141 16.0
142 10.0
143 12.0
144 15.0
145 9.0
146 20.0
147 7.0
148 21.0
149 9.0
150 20.0
151 9.0
152 13.0
153 16.0
154 8.0
155 14.0
156 10.0
157 10.0
158 8.0
159 9.0
160 8.0
161 15.0
162 8.0
163 14.0
164 8.0
165 8.0
166 11.0
167 8.0
168 15.0
169 11.0
170 14.0
171 10.0
172 17.0
173 10.0
174 15.0
175 12.0
176 13.0
177 12.0
178 12.0
179 15.0
180 9.0
181 8.0
182 13.0
183 10.0
184 11.0
185 8.0
186 18.0
187 11.0
188 11.0
189 14.0
190 11.0
191 12.0
192 10.0
193 9.0
194 10.0
195 9.0
196 12.0
197 10.0
198 13.0
199 10.0
