1 0.0
2 0.0
3 1.0
4 1.0
5 1.0
6 1.0
7 2.0
8 2.0
9 2.0
10 1.0
11 1.0
12 2.0
13 2.0
14 2.0
15 3.0
16 2.0
17 2.0
18 3.0
19 3.0
20 2.0
21 3.0
22 3.0
23 3.0
24 3.0
25 2.0
26 3.0
27 3.0
28 3.0
29 3.0
30 4.0
31 2.0
32 3.0
33 2.0
34 3.0
35 7.0
36 2.0
37 3.0
38 3.0
39 3.0
40 3.0
41 3.0
42 3.0
43 3.0
44 4.0
45 1004.0
46 3.0
47 4.0
48 4.0
49 4.0
50 4.0
51 3.0
52 3.0
53 9.0
54 4.0
55 3.0
56 4.0
57 4.0
58 10.0
59 6.0
60 5.0
61 5.0
62 5.0
63 6.0
64 4.0
65 4.0
66 7.0
67 6.0
68 6.0
69 5.0
70 11.0
71 4.0
72 5.0
73 6.0
74 6.0
75 5.0
76 5.0
77 12.0
78 4.0
79 5.0
80 4.0
81 5.0
82 5.0
83 7.0
84 5.0
85 5.0
86 5.0
87 6.0
88 7.0
89 5.0
90 6.0
91 7.0
92 5.0
93 5.0
94 1003.0
95 5.0
96 14.0
97 7.0
98 7.0
99 13.0
100 5.0
101 4.0
102 1010.0
103 5.0
104 6.0
105 7.0
106 9.0
107 1004.0
108 6.0
109 5.0
110 5.0
111 5.0
112 5.0
113 17.0
114 5.0
115 5.0
116 18.0
117 5.0
118 6.0
119 6.0
120 1004.0
121 8.0
122 6.0
123 6.0
124 18.0
125 1003.0
126 6.0
127 14.0
128 6.0
129 6.0
130 7.0
131 6.0
132 1005.0
133 7.0
134 9.0
135 7.0
136 19.0
137 6.0
138 7.0
139 10.0
140 9.0
141 7.0
142 1009.0
143 8.0
144 7.0
145 6.0
146 11.0
147 8.0
148 7.0
149 9.0
150 7.0
151 1006.0
152 11.0
153 10.0
154 20008.0
155 13.0
156 11.0
157 7.0
158 7.0
159 7.0
160 7.0
161 10.0
162 7.0
163 7.0
164 7.0
165 7.0
166 8.0
167 7.0
168 7.0
169 8.0
170 8.0
171 7.0
172 7.0
173 8.0
174 9.0
175 9.0
176 9.0
177 11.0
178 9.0
179 10.0
180 8.0
181 7.0
182 8.0
183 7.0
184 8.0
185 8.0
186 8.0
187 8.0
188 7.0
189 8.0
190 8.0
191 7.0
192 8.0
193 8.0
194 8.0
195 8.0
196 8.0
197 8.0
198 7.0
199 8.0
